x       y
122.766	115.304
221.714	211.704
223.287	231.001
276.281	290.975
229.109	281.813
156.985	165.255
147.296	150.360
87.098	74.180
103.648	98.389
173.321	168.583
214.687	204.615
195.010	224.759
202.874	233.319
227.235	250.898
221.122	233.964
256.975	256.384
215.708	272.139
151.172	150.507
167.717	159.274
165.622	157.793
1.537	1.541
194.695	197.779
95.258	100.862
10.932	11.033
14.404	14.902
4.521	4.530
16.144	16.884
96.648	90.294
28.378	31.051
26.629	23.187
63.352	61.304
41.647	43.043
25.798	23.489
1.907	1.705
63.212	61.854
95.499	95.207
104.613	106.458
149.441	136.205
153.592	140.220
184.267	197.540